S:

2582593345029983704211933699534409985185693107678684190626222902710
shares_A:

[[2582593345029983704211933699534409985185693107678684190626222904132, 1069, 1219], [2582593345029983704211933699534409985185693107678684190626222907132, 1348, 3268], [2582593345029983704211933699534409985185693107678684190626222911710, 1627, 6683], [2582593345029983704211933699534409985185693107678684190626222917866, 1906, 11464], [2582593345029983704211933699534409985185693107678684190626222925600, 2185, 17611]]
{'constant': 2582593345029983704211933699534409985185693107678684190626222902710, 'x_exp_1': 633, 'x_exp_2': 789}
reshare_A:

[[2582593345029983704211933699534409985185693107678684190626222906420, 2582593345029983704211933699534409985185693107678684190626222911146, 2582593345029983704211933699534409985185693107678684190626222918310, 2582593345029983704211933699534409985185693107678684190626222927912, 2582593345029983704211933699534409985185693107678684190626222939952], [2582593345029983704211933699534409985185693107678684190626222911748, 2582593345029983704211933699534409985185693107678684190626222922900, 2582593345029983704211933699534409985185693107678684190626222940588, 2582593345029983704211933699534409985185693107678684190626222964812, 2582593345029983704211933699534409985185693107678684190626222995572], [2582593345029983704211933699534409985185693107678684190626222920020, 2582593345029983704211933699534409985185693107678684190626222941696, 2582593345029983704211933699534409985185693107678684190626222976738, 2582593345029983704211933699534409985185693107678684190626223025146, 2582593345029983704211933699534409985185693107678684190626223086920], [2582593345029983704211933699534409985185693107678684190626222931236, 2582593345029983704211933699534409985185693107678684190626222967534, 2582593345029983704211933699534409985185693107678684190626223026760, 2582593345029983704211933699534409985185693107678684190626223108914, 2582593345029983704211933699534409985185693107678684190626223213996], [2582593345029983704211933699534409985185693107678684190626222945396, 2582593345029983704211933699534409985185693107678684190626223000414, 2582593345029983704211933699534409985185693107678684190626223090654, 2582593345029983704211933699534409985185693107678684190626223216116, 2582593345029983704211933699534409985185693107678684190626223376800]]
shares_B:

[[2582593345029983704211933699534409985185693107678684190626222906420, 2582593345029983704211933699534409985185693107678684190626222911748, 2582593345029983704211933699534409985185693107678684190626222920020, 2582593345029983704211933699534409985185693107678684190626222931236, 2582593345029983704211933699534409985185693107678684190626222945396], [2582593345029983704211933699534409985185693107678684190626222911146, 2582593345029983704211933699534409985185693107678684190626222922900, 2582593345029983704211933699534409985185693107678684190626222941696, 2582593345029983704211933699534409985185693107678684190626222967534, 2582593345029983704211933699534409985185693107678684190626223000414], [2582593345029983704211933699534409985185693107678684190626222918310, 2582593345029983704211933699534409985185693107678684190626222940588, 2582593345029983704211933699534409985185693107678684190626222976738, 2582593345029983704211933699534409985185693107678684190626223026760, 2582593345029983704211933699534409985185693107678684190626223090654], [2582593345029983704211933699534409985185693107678684190626222927912, 2582593345029983704211933699534409985185693107678684190626222964812, 2582593345029983704211933699534409985185693107678684190626223025146, 2582593345029983704211933699534409985185693107678684190626223108914, 2582593345029983704211933699534409985185693107678684190626223216116], [2582593345029983704211933699534409985185693107678684190626222939952, 2582593345029983704211933699534409985185693107678684190626222995572, 2582593345029983704211933699534409985185693107678684190626223086920, 2582593345029983704211933699534409985185693107678684190626223213996, 2582593345029983704211933699534409985185693107678684190626223376800]]
{'constant': 2582593345029983704211933699534409985185693107678684190626222904036, 'x_exp_1': 912, 'x_exp_2': 1472}
{'constant': 2582593345029983704211933699534409985185693107678684190626222906434, 'x_exp_1': 1191, 'x_exp_2': 3521}
{'constant': 2582593345029983704211933699534409985185693107678684190626222909904, 'x_exp_1': 1470, 'x_exp_2': 6936}
{'constant': 2582593345029983704211933699534409985185693107678684190626222914446, 'x_exp_1': 1749, 'x_exp_2': 11717}
{'constant': 2582593345029983704211933699534409985185693107678684190626222920060, 'x_exp_1': 2028, 'x_exp_2': 17864}
{'constant': 2582593345029983704211933699534409985185693107678684190626222902710, 'x_exp_1': 790, 'x_exp_2': 536}
